(0.000, 0.000, 0.000)|(-0.707, 0.000, 0.000, 0.707)|(1.000, 1.000, 1.000)|Grass
(17.321, 0.000, 0.000)|(-0.707, 0.000, 0.000, 0.707)|(1.000, 1.000, 1.000)|Grass
(34.641, 0.000, 0.000)|(-0.707, 0.000, 0.000, 0.707)|(1.000, 1.000, 1.000)|DisposedClear
(51.962, 0.000, 0.000)|(-0.707, 0.000, 0.000, 0.707)|(1.000, 1.000, 1.000)|DisposedClear
(69.282, 0.000, 0.000)|(-0.707, 0.000, 0.000, 0.707)|(1.000, 1.000, 1.000)|Water
(8.660, 0.000, 15.000)|(-0.707, 0.000, 0.000, 0.707)|(1.000, 1.000, 1.000)|Grass
(25.981, 0.000, 15.000)|(-0.707, 0.000, 0.000, 0.707)|(1.000, 1.000, 1.000)|DisposedClear
(43.301, 0.000, 15.000)|(-0.707, 0.000, 0.000, 0.707)|(1.000, 1.000, 1.000)|DisposedClear
(60.622, 0.000, 15.000)|(-0.707, 0.000, 0.000, 0.707)|(1.000, 1.000, 1.000)|Water
(77.942, 0.000, 15.000)|(-0.707, 0.000, 0.000, 0.707)|(1.000, 1.000, 1.000)|Water
(0.000, 0.000, 30.000)|(-0.707, 0.000, 0.000, 0.707)|(1.000, 1.000, 1.000)|Grass
(17.321, 0.000, 30.000)|(-0.707, 0.000, 0.000, 0.707)|(1.000, 1.000, 1.000)|Grass
(34.641, 0.000, 30.000)|(-0.707, 0.000, 0.000, 0.707)|(1.000, 1.000, 1.000)|DisposedClear
(51.962, 0.000, 30.000)|(-0.707, 0.000, 0.000, 0.707)|(1.000, 1.000, 1.000)|DisposedClear
(69.282, 0.000, 30.000)|(-0.707, 0.000, 0.000, 0.707)|(1.000, 1.000, 1.000)|Water
(8.660, 0.000, 45.000)|(-0.707, 0.000, 0.000, 0.707)|(1.000, 1.000, 1.000)|Grass
(25.981, 0.000, 45.000)|(-0.707, 0.000, 0.000, 0.707)|(1.000, 1.000, 1.000)|DisposedClear
(43.301, 0.000, 45.000)|(-0.707, 0.000, 0.000, 0.707)|(1.000, 1.000, 1.000)|DisposedClear
(60.622, 0.000, 45.000)|(-0.707, 0.000, 0.000, 0.707)|(1.000, 1.000, 1.000)|Water
(77.942, 0.000, 45.000)|(-0.707, 0.000, 0.000, 0.707)|(1.000, 1.000, 1.000)|Water
(0.000, 0.000, 60.000)|(-0.707, 0.000, 0.000, 0.707)|(1.000, 1.000, 1.000)|Grass
(17.321, 0.000, 60.000)|(-0.707, 0.000, 0.000, 0.707)|(1.000, 1.000, 1.000)|DisposedClear
(34.641, 0.000, 60.000)|(-0.707, 0.000, 0.000, 0.707)|(1.000, 1.000, 1.000)|DisposedClear
(51.962, 0.000, 60.000)|(-0.707, 0.000, 0.000, 0.707)|(1.000, 1.000, 1.000)|DisposedClear
(69.282, 0.000, 60.000)|(-0.707, 0.000, 0.000, 0.707)|(1.000, 1.000, 1.000)|Water
options
5,5
(0, 0)
(-2, 4)
(2, 5)
UpRight,UpLeft,UpRight
Program15,Program25,Program15

