(0.000, 0.000, 0.000)|(-0.707, 0.000, 0.000, 0.707)|(1.000, 1.000, 1.000)|Disposed
(17.321, 0.000, 0.000)|(-0.707, 0.000, 0.000, 0.707)|(1.000, 1.000, 1.000)|DisposedBlack
(34.641, 0.000, 0.000)|(-0.707, 0.000, 0.000, 0.707)|(1.000, 1.000, 1.000)|DisposedBlack
(51.962, 0.000, 0.000)|(-0.707, 0.000, 0.000, 0.707)|(1.000, 1.000, 1.000)|DisposedBlack
(69.282, 0.000, 0.000)|(-0.707, 0.000, 0.000, 0.707)|(1.000, 1.000, 1.000)|DisposedBlack
(86.603, 0.000, 0.000)|(-0.707, 0.000, 0.000, 0.707)|(1.000, 1.000, 1.000)|DisposedBlack
(8.660, 0.000, 15.000)|(-0.707, 0.000, 0.000, 0.707)|(1.000, 1.000, 1.000)|DisposedBlack
(25.981, 0.000, 15.000)|(-0.707, 0.000, 0.000, 0.707)|(1.000, 1.000, 1.000)|Grass
(43.301, 0.000, 15.000)|(-0.707, 0.000, 0.000, 0.707)|(1.000, 1.000, 1.000)|Grass
(60.622, 0.000, 15.000)|(-0.707, 0.000, 0.000, 0.707)|(1.000, 1.000, 1.000)|Grass
(77.942, 0.000, 15.000)|(-0.707, 0.000, 0.000, 0.707)|(1.000, 1.000, 1.000)|Grass
(95.263, 0.000, 15.000)|(-0.707, 0.000, 0.000, 0.707)|(1.000, 1.000, 1.000)|DisposedBlack
(0.000, 0.000, 30.000)|(-0.707, 0.000, 0.000, 0.707)|(1.000, 1.000, 1.000)|Disposed
(17.321, 0.000, 30.000)|(-0.707, 0.000, 0.000, 0.707)|(1.000, 1.000, 1.000)|DisposedBlack
(34.641, 0.000, 30.000)|(-0.707, 0.000, 0.000, 0.707)|(1.000, 1.000, 1.000)|DisposedBlack
(51.962, 0.000, 30.000)|(-0.707, 0.000, 0.000, 0.707)|(1.000, 1.000, 1.000)|DisposedBlack
(69.282, 0.000, 30.000)|(-0.707, 0.000, 0.000, 0.707)|(1.000, 1.000, 1.000)|DisposedBlack
(86.603, 0.000, 30.000)|(-0.707, 0.000, 0.000, 0.707)|(1.000, 1.000, 1.000)|DisposedBlack
options
3,6
(1, 1)
(4, 1)
(1, 5)
-
-

